tests/ringss.ecsv
# %ECSV 1.0
# ---
# datatype:
# - {name: time, datatype: string}
# - {name: star, datatype: int64}
# - {name: zen, datatype: float64}
# - {name: flux, datatype: float64}
# - {name: see2, datatype: float64}
# - {name: see, datatype: float64}
# - {name: fsee, datatype: float64}
# - {name: wind, datatype: float64}
# - {name: tau0, datatype: float64}
# - {name: theta0, datatype: float64}
# - {name: totvar, datatype: float64}
# - {name: erms, datatype: float64}
# - {name: J0, datatype: float64}
# - {name: J025, datatype: float64}
# - {name: J05, datatype: float64}
# - {name: J1, datatype: float64}
# - {name: J2, datatype: float64}
# - {name: J4, datatype: float64}
# - {name: J8, datatype: float64}
# - {name: J16, datatype: float64}
# meta: !!omap
# - __serialized_columns__:
#     time:
#       __class__: astropy.time.core.Time
#       format: isot
#       in_subfmt: '*'
#       out_subfmt: '*'
#       precision: 3
#       scale: utc
#       value: !astropy.table.SerializedColumn {name: time}
# schema: astropy-2.0
time star zen flux see2 see fsee wind tau0 theta0 totvar erms J0 J025 J05 J1 J2 J4 J8 J16
2024-01-31T23:59:55.500 1 11.49 83659.0 0.795 0.794 0.438 13.64 5.182 1.026 0.09 0.339 2.92 0.0 0.12 0.0 0.0 0.0 0.25 1.35
2024-01-31T23:59:56.500 2 11.58 84900.0 0.757 0.766 0.369 12.91 6.489 1.21 0.071 0.328 3.09 0.0 0.08 0.0 0.0 0.0 0.19 1.03
2024-01-31T23:59:57.500 3 11.69 84472.0 0.764 0.756 0.358 12.22 7.065 1.254 0.068 0.332 3.05 0.0 0.06 0.0 0.0 0.0 0.22 0.95
2024-01-31T23:59:58.500 4 11.79 84359.0 0.669 0.706 0.308 12.25 8.181 1.443 0.056 0.337 2.86 0.0 0.0 0.0 0.0 0.0 0.22 0.74
2024-01-31T23:59:59.500 5 11.88 84719.0 0.726 0.733 0.31 12.12 8.222 1.378 0.058 0.33 3.1 0.0 0.01 0.0 0.0 0.0 0.12 0.84
2025-02-01T00:00:00.500 6 11.98 83740.0 0.697 0.724 0.329 12.11 7.77 1.315 0.062 0.342 2.92 0.0 0.04 0.0 0.0 0.0 0.11 0.91
2025-02-01T00:00:01.500 7 12.08 84577.0 0.728 0.741 0.355 12.25 7.111 1.271 0.067 0.33 2.93 0.0 0.08 0.0 0.0 0.0 0.2 0.94
2025-02-01T00:00:02.500 8 12.17 84790.0 0.765 0.788 0.371 12.09 6.889 1.23 0.072 0.344 3.29 0.0 0.04 0.0 0.0 0.0 0.3 0.96
2025-02-01T00:00:03.500 9 12.28 84492.0 0.767 0.747 0.375 13.08 6.294 1.194 0.074 0.346 2.87 0.0 0.02 0.0 0.0 0.0 0.29 1.02
2025-02-01T00:00:04.500 10 12.39 84399.0 0.795 0.75 0.407 12.28 6.178 1.097 0.084 0.338 2.7 0.0 0.08 0.0 0.0 0.0 0.25 1.2
